LAT;;;;;51.1000;51.1000;51.1000;51.1000;51.1000
LON;;;;;17.0333;17.0333;17.0333;17.0333;17.0333
ASL;;;;;119.000;119.000;119.000;119.000;119.000
CITY;;;;;Wrocław;Wrocław;Wrocław;Wrocław;Wrocław
DOMAIN;;;;;NEMS4;NEMS4;NEMS4;NEMS12;NEMS4
LEVEL;;;;;2 m above gnd;2 m above gnd;MSL;sfc;sfc
NAME;;;;;Temperature;Relative humidity;Mean Sea Level Pressure;Total Precipitation;Snowfall amount
UNIT;;;;;°C;%;hPa;mm;cm
AGGREGATION;;;;;;;;;
UTC_OFFSET;;;;;1;1;1;1;1

Year;Month;Day;Hour;Minute;Temperature  [2 m above gnd];Relative humidity  [2 m above gnd];Mean Sea Level Pressure  [MSL];Total Precipitation  [sfc];Snowfall amount  [sfc]
2016;11;15;00;00;-0.80;89.00;1036.60;0.00;0.00
2016;11;15;01;00;-0.94;89.00;1036.40;0.00;0.00
2016;11;15;02;00;-1.30;89.00;1035.90;0.00;0.00
2016;11;15;03;00;-1.23;86.00;1035.10;0.00;0.00
2016;11;15;04;00;-0.58;84.00;1035.30;0.00;0.00
2016;11;15;05;00;-0.40;84.00;1034.70;0.00;0.00
2016;11;15;06;00;-0.62;86.00;1034.50;0.00;0.00
2016;11;15;07;00;-0.81;86.00;1033.50;0.00;0.00
2016;11;15;08;00;0.61;78.00;1033.20;0.00;0.00
2016;11;15;09;00;2.91;65.00;1033.20;0.00;0.00
2016;11;15;10;00;4.04;58.00;1032.40;0.00;0.00
2016;11;15;11;00;5.28;52.00;1031.30;0.00;0.00
2016;11;15;12;00;5.92;49.00;1031.20;0.00;0.00
2016;11;15;13;00;4.54;54.00;1028.90;0.00;0.00
2016;11;15;14;00;4.65;54.00;1028.00;0.00;0.00
2016;11;15;15;00;4.77;55.00;1027.50;0.00;0.00
2016;11;15;16;00;4.75;57.00;1027.10;0.00;0.00
2016;11;15;17;00;4.79;58.00;1027.30;0.00;0.00
2016;11;15;18;00;4.96;57.00;1025.80;0.20;0.00
2016;11;15;19;00;4.75;59.00;1024.40;0.60;0.00
2016;11;15;20;00;4.36;68.00;1024.50;0.80;0.00
2016;11;15;21;00;3.94;80.00;1024.10;1.10;0.00
2016;11;15;22;00;3.91;82.00;1023.50;1.10;0.00
2016;11;15;23;00;3.93;84.00;1023.40;0.80;0.00
2016;11;16;00;00;4.07;87.00;1022.60;0.70;0.00
2016;11;16;01;00;4.43;87.00;1022.30;0.40;0.00
2016;11;16;02;00;4.61;90.00;1022.10;0.10;0.00
2016;11;16;03;00;5.63;90.00;1021.90;0.10;0.00
2016;11;16;04;00;6.18;90.00;1022.20;0.10;0.00
2016;11;16;05;00;6.11;91.00;1021.90;0.10;0.00
2016;11;16;06;00;6.19;91.00;1022.50;0.00;0.00
2016;11;16;07;00;6.01;93.00;1022.40;0.00;0.00
2016;11;16;08;00;6.55;92.00;1022.40;0.00;0.00
2016;11;16;09;00;7.16;90.00;1022.90;0.00;0.00
2016;11;16;10;00;7.78;87.00;1022.80;0.00;0.00
2016;11;16;11;00;9.15;81.00;1022.30;0.00;0.00
2016;11;16;12;00;10.54;74.00;1022.10;0.00;0.00
2016;11;16;13;00;9.55;72.00;1017.90;0.00;0.00
2016;11;16;14;00;9.81;67.00;1016.80;0.00;0.00
2016;11;16;15;00;9.48;68.00;1016.50;0.00;0.00
2016;11;16;16;00;8.25;73.00;1016.00;0.00;0.00
2016;11;16;17;00;7.86;77.00;1016.00;0.00;0.00
2016;11;16;18;00;8.06;82.00;1014.80;0.90;0.00
2016;11;16;19;00;8.34;88.00;1013.90;1.30;0.00
2016;11;16;20;00;8.61;86.00;1014.30;0.00;0.00
2016;11;16;21;00;8.64;84.00;1014.30;0.00;0.00
2016;11;16;22;00;7.68;90.00;1014.30;0.00;0.00
2016;11;16;23;00;8.23;88.00;1014.50;0.00;0.00
2016;11;17;00;00;8.27;89.00;1014.00;0.00;0.00
2016;11;17;01;00;8.33;89.00;1014.40;0.00;0.00
2016;11;17;02;00;8.29;91.00;1014.40;0.00;0.00
2016;11;17;03;00;8.06;92.00;1014.60;0.00;0.00
2016;11;17;04;00;7.47;92.00;1014.80;0.00;0.00
2016;11;17;05;00;6.99;92.00;1014.80;0.00;0.00
2016;11;17;06;00;6.81;92.00;1015.20;0.00;0.00
2016;11;17;07;00;6.67;93.00;1014.90;0.00;0.00
2016;11;17;08;00;7.56;89.00;1015.30;0.00;0.00
2016;11;17;09;00;8.91;82.00;1015.50;0.00;0.00
2016;11;17;10;00;10.15;77.00;1015.30;0.00;0.00
2016;11;17;11;00;10.97;73.00;1015.10;0.00;0.00
2016;11;17;12;00;11.60;70.00;1015.10;0.00;0.00
2016;11;17;13;00;12.43;65.00;1010.20;0.00;0.00
2016;11;17;14;00;12.84;64.00;1009.90;0.00;0.00
2016;11;17;15;00;12.15;67.00;1010.20;0.00;0.00
2016;11;17;16;00;9.74;71.00;1010.50;0.00;0.00
2016;11;17;17;00;9.47;72.00;1011.40;0.00;0.00
2016;11;17;18;00;8.82;75.00;1010.40;0.00;0.00
2016;11;17;19;00;8.42;78.00;1010.30;0.00;0.00
2016;11;17;20;00;9.37;83.00;1010.80;0.00;0.00
2016;11;17;21;00;10.27;80.00;1011.00;0.00;0.00
2016;11;17;22;00;10.13;80.00;1011.10;0.00;0.00
2016;11;17;23;00;9.59;81.00;1011.40;0.00;0.00
2016;11;18;00;00;9.15;82.00;1011.20;0.00;0.00
2016;11;18;01;00;9.17;82.00;1011.20;0.00;0.00
2016;11;18;02;00;9.05;83.00;1010.80;0.00;0.00
2016;11;18;03;00;8.84;84.00;1011.00;0.00;0.00
2016;11;18;04;00;8.89;84.00;1010.40;0.00;0.00
2016;11;18;05;00;8.95;83.00;1010.60;0.00;0.00
2016;11;18;06;00;8.87;82.00;1010.50;0.00;0.00
2016;11;18;07;00;7.74;79.00;1010.30;0.00;0.00
2016;11;18;08;00;7.85;74.00;1010.60;0.00;0.00
2016;11;18;09;00;9.04;65.00;1010.60;0.00;0.00
2016;11;18;10;00;10.49;61.00;1010.60;0.00;0.00
2016;11;18;11;00;10.83;60.00;1010.80;0.00;0.00
2016;11;18;12;00;11.15;59.00;1010.80;0.00;0.00
2016;11;18;13;00;10.70;59.00;1007.30;0.00;0.00
2016;11;18;14;00;10.43;60.00;1007.10;0.00;0.00
2016;11;18;15;00;10.67;60.00;1007.40;0.00;0.00
2016;11;18;16;00;10.40;64.00;1007.50;0.00;0.00
2016;11;18;17;00;10.11;66.00;1008.50;0.00;0.00
2016;11;18;18;00;10.08;69.00;1007.70;0.00;0.00
2016;11;18;19;00;9.63;72.00;1008.50;0.00;0.00
2016;11;18;20;00;9.47;74.00;1009.60;0.00;0.00
2016;11;18;21;00;9.82;74.00;1010.20;0.00;0.00
2016;11;18;22;00;9.29;79.00;1011.10;0.00;0.00
2016;11;18;23;00;8.53;84.00;1011.90;0.00;0.00
2016;11;19;00;00;7.69;89.00;1012.00;0.00;0.00
2016;11;19;01;00;7.12;92.00;1013.90;0.00;0.00
2016;11;19;02;00;7.24;90.00;1014.30;0.00;0.00
2016;11;19;03;00;7.83;82.00;1015.60;0.10;0.00
2016;11;19;04;00;7.94;68.00;1015.80;0.70;0.00
2016;11;19;05;00;7.52;67.00;1015.80;0.40;0.00
2016;11;19;06;00;7.22;71.00;1016.80;0.20;0.00
2016;11;19;07;00;6.78;76.00;1016.20;0.80;0.00
2016;11;19;08;00;6.45;84.00;1017.10;0.80;0.00
2016;11;19;09;00;6.41;87.00;1017.00;0.50;0.00
2016;11;19;10;00;6.81;86.00;1017.20;1.00;0.00
2016;11;19;11;00;7.11;86.00;1016.70;2.20;0.00
2016;11;19;12;00;7.03;88.00;1016.40;1.40;0.00
2016;11;19;13;00;8.71;87.00;1011.00;0.40;0.00
2016;11;19;14;00;8.59;91.00;1010.20;1.40;0.00
2016;11;19;15;00;8.54;90.00;1009.60;1.20;0.00
2016;11;19;16;00;8.14;93.00;1008.80;0.30;0.00
2016;11;19;17;00;8.24;93.00;1008.80;0.00;0.00
2016;11;19;18;00;8.24;95.00;1007.50;0.00;0.00
2016;11;19;19;00;8.20;95.00;1007.90;0.00;0.00
2016;11;19;20;00;8.15;94.00;1009.40;0.00;0.00
2016;11;19;21;00;7.84;88.00;1011.50;0.00;0.00
2016;11;19;22;00;7.34;85.00;1013.90;0.10;0.00
2016;11;19;23;00;7.07;86.00;1014.50;0.00;0.00
2016;11;20;00;00;7.26;84.00;1015.20;0.00;0.00
2016;11;20;01;00;6.01;83.00;1017.00;0.00;0.00
2016;11;20;02;00;5.13;83.00;1017.10;0.00;0.00
2016;11;20;03;00;4.80;86.00;1017.50;0.00;0.00
2016;11;20;04;00;4.79;87.00;1018.10;0.00;0.00
2016;11;20;05;00;4.73;86.00;1018.80;0.00;0.00
2016;11;20;06;00;4.51;89.00;1019.40;0.00;0.00
2016;11;20;07;00;4.49;89.00;1019.00;0.00;0.00
2016;11;20;08;00;4.79;86.00;1019.60;0.00;0.00
2016;11;20;09;00;5.83;79.00;1019.80;0.00;0.00
2016;11;20;10;00;7.03;72.00;1019.10;0.00;0.00
2016;11;20;11;00;7.83;69.00;1018.90;0.00;0.00
2016;11;20;12;00;8.96;66.00;1018.20;0.00;0.00
2016;11;20;13;00;11.53;67.00;1012.40;0.00;0.00
2016;11;20;14;00;12.74;68.00;1012.20;0.00;0.00
2016;11;20;15;00;12.49;67.00;1012.30;0.00;0.00
2016;11;20;16;00;10.90;74.00;1013.10;0.00;0.00
2016;11;20;17;00;9.93;78.00;1014.10;0.00;0.00
2016;11;20;18;00;9.26;83.00;1012.90;0.00;0.00
2016;11;20;19;00;8.79;86.00;1013.50;0.00;0.00
2016;11;20;20;00;7.87;89.00;1014.40;0.00;0.00
2016;11;20;21;00;6.55;94.00;1014.90;0.00;0.00
2016;11;20;22;00;5.92;97.00;1015.20;0.00;0.00
2016;11;20;23;00;6.42;94.00;1016.00;0.00;0.00
2016;11;21;00;00;7.66;88.00;1015.80;0.00;0.00
2016;11;21;01;00;9.22;83.00;1016.40;0.00;0.00
2016;11;21;02;00;8.64;86.00;1016.70;0.00;0.00
2016;11;21;03;00;8.43;87.00;1016.80;0.00;0.00
2016;11;21;04;00;8.38;87.00;1016.80;0.00;0.00
2016;11;21;05;00;8.05;88.00;1017.30;0.00;0.00
2016;11;21;06;00;7.15;89.00;1017.50;0.00;0.00
2016;11;21;07;00;5.96;92.00;1017.40;0.00;0.00
2016;11;21;08;00;5.95;94.00;1018.10;0.00;0.00
2016;11;21;09;00;7.66;89.00;1017.80;0.00;0.00
2016;11;21;10;00;10.56;81.00;1018.00;0.00;0.00
2016;11;21;11;00;12.90;73.00;1017.70;0.00;0.00
2016;11;21;12;00;14.75;66.00;1017.40;0.00;0.00
2016;11;21;13;00;13.75;65.00;1014.20;0.00;0.00
2016;11;21;14;00;13.91;66.00;1014.20;0.00;0.00
2016;11;21;15;00;13.64;70.00;1014.00;0.00;0.00
2016;11;21;16;00;12.55;76.00;1015.20;0.00;0.00
2016;11;21;17;00;11.50;81.00;1016.20;0.00;0.00
2016;11;21;18;00;10.68;85.00;1015.50;0.00;0.00
2016;11;21;19;00;10.33;86.00;1015.80;0.00;0.00
2016;11;21;20;00;10.27;84.00;1016.20;0.00;0.00
2016;11;21;21;00;9.84;84.00;1016.60;0.00;0.00
2016;11;21;22;00;9.42;83.00;1016.50;0.00;0.00
2016;11;21;23;00;9.19;83.00;1016.70;0.00;0.00
2016;11;22;00;00;9.03;83.00;1016.60;0.00;0.00
2016;11;22;01;00;8.96;83.00;1017.30;0.00;0.00
2016;11;22;02;00;8.68;83.00;1017.20;0.00;0.00
2016;11;22;03;00;8.45;84.00;1017.40;0.00;0.00
2016;11;22;04;00;8.16;85.00;1017.40;0.00;0.00
2016;11;22;05;00;8.07;85.00;1018.10;0.00;0.00
2016;11;22;06;00;8.12;85.00;1018.90;0.00;0.00
2016;11;22;07;00;7.91;85.00;1018.50;0.00;0.00
2016;11;22;08;00;8.15;85.00;1019.20;0.00;0.00
2016;11;22;09;00;9.94;77.00;1020.00;0.00;0.00
2016;11;22;10;00;11.95;70.00;1020.50;0.00;0.00
2016;11;22;11;00;13.55;65.00;1020.60;0.00;0.00
2016;11;22;12;00;14.43;63.00;1021.00;0.00;0.00
2016;11;22;13;00;13.45;65.00;1016.90;0.00;0.00
2016;11;22;14;00;13.34;66.00;1016.60;0.00;0.00
2016;11;22;15;00;12.68;69.00;1017.10;0.00;0.00
2016;11;22;16;00;11.37;76.00;1018.10;0.00;0.00
2016;11;22;17;00;10.30;81.00;1019.00;0.00;0.00
2016;11;22;18;00;9.46;87.00;1018.50;0.00;0.00
2016;11;22;19;00;9.20;90.00;1018.50;0.00;0.00
2016;11;22;20;00;9.33;90.00;1019.60;0.00;0.00
2016;11;22;21;00;9.44;90.00;1020.10;0.00;0.00
2016;11;22;22;00;9.35;89.00;1020.50;0.00;0.00
2016;11;22;23;00;8.95;89.00;1021.30;0.00;0.00
2016;11;23;00;00;8.28;90.00;1021.60;0.00;0.00
2016;11;23;01;00;7.83;90.00;1022.30;0.00;0.00
2016;11;23;02;00;7.66;89.00;1022.70;0.00;0.00
2016;11;23;03;00;7.35;90.00;1022.90;0.00;0.00
2016;11;23;04;00;6.99;91.00;1023.40;0.00;0.00
2016;11;23;05;00;6.64;91.00;1023.80;0.00;0.00
2016;11;23;06;00;6.26;92.00;1024.60;0.00;0.00
2016;11;23;07;00;5.83;93.00;1024.60;0.00;0.00
2016;11;23;08;00;5.78;93.00;1025.20;0.00;0.00
2016;11;23;09;00;7.54;86.00;1025.50;0.00;0.00
2016;11;23;10;00;10.28;77.00;1025.60;0.00;0.00
2016;11;23;11;00;13.15;69.00;1025.50;0.00;0.00
2016;11;23;12;00;14.70;66.00;1025.80;0.00;0.00
2016;11;23;13;00;12.93;63.00;1022.20;0.00;0.00
2016;11;23;14;00;13.32;63.00;1022.20;0.00;0.00
2016;11;23;15;00;13.01;66.00;1022.30;0.00;0.00
2016;11;23;16;00;11.64;73.00;1022.60;0.00;0.00
2016;11;23;17;00;10.57;79.00;1023.90;0.00;0.00
2016;11;23;18;00;9.89;81.00;1023.20;0.00;0.00
2016;11;23;19;00;8.79;86.00;1023.10;0.00;0.00
2016;11;23;20;00;8.25;87.00;1024.20;0.00;0.00
2016;11;23;21;00;7.93;87.00;1024.10;0.00;0.00
2016;11;23;22;00;7.21;90.00;1024.40;0.00;0.00
2016;11;23;23;00;6.83;90.00;1024.30;0.00;0.00
2016;11;24;00;00;5.79;92.00;1024.50;0.00;0.00
2016;11;24;01;00;4.92;93.00;1025.50;0.00;0.00
2016;11;24;02;00;4.69;92.00;1024.80;0.00;0.00
2016;11;24;03;00;4.64;92.00;1024.90;0.00;0.00
2016;11;24;04;00;4.57;93.00;1025.50;0.00;0.00
2016;11;24;05;00;4.44;93.00;1025.40;0.00;0.00
2016;11;24;06;00;4.38;93.00;1025.80;0.00;0.00
2016;11;24;07;00;4.34;96.00;1025.50;0.00;0.00
2016;11;24;08;00;4.77;93.00;1026.20;0.00;0.00
2016;11;24;09;00;6.19;87.00;1027.00;0.00;0.00
2016;11;24;10;00;7.92;83.00;1027.00;0.00;0.00
2016;11;24;11;00;9.27;79.00;1026.70;0.00;0.00
2016;11;24;12;00;10.33;76.00;1026.80;0.00;0.00
2016;11;24;13;00;10.96;71.00;1023.70;0.00;0.00
2016;11;24;14;00;11.27;71.00;1023.70;0.00;0.00
2016;11;24;15;00;11.14;72.00;1023.60;0.00;0.00
2016;11;24;16;00;10.28;78.00;1024.40;0.00;0.00
2016;11;24;17;00;10.17;81.00;1025.50;0.00;0.00
2016;11;24;18;00;9.99;82.00;1025.10;0.00;0.00
2016;11;24;19;00;9.49;83.00;1025.10;0.00;0.00
2016;11;24;20;00;8.69;84.00;1026.20;0.00;0.00
2016;11;24;21;00;8.21;82.00;1026.40;0.00;0.00
2016;11;24;22;00;7.88;78.00;1027.10;0.00;0.00
2016;11;24;23;00;7.40;79.00;1027.20;0.00;0.00
2016;11;25;00;00;6.95;82.00;1026.80;0.00;0.00
2016;11;25;01;00;6.83;83.00;1027.70;0.00;0.00
2016;11;25;02;00;6.67;84.00;1027.60;0.00;0.00
2016;11;25;03;00;6.31;85.00;1027.70;0.00;0.00
2016;11;25;04;00;6.01;83.00;1028.30;0.00;0.00
2016;11;25;05;00;5.06;83.00;1028.80;0.00;0.00
2016;11;25;06;00;2.75;90.00;1029.40;0.00;0.00
2016;11;25;07;00;1.76;93.00;1029.10;0.00;0.00
2016;11;25;08;00;1.27;93.00;1030.10;0.00;0.00
2016;11;25;09;00;1.77;92.00;1030.80;0.00;0.00
2016;11;25;10;00;2.90;87.00;1030.80;0.00;0.00
2016;11;25;11;00;4.53;78.00;1030.30;0.00;0.00
2016;11;25;12;00;6.53;66.00;1030.60;0.00;0.00
2016;11;25;13;00;5.99;71.00;1026.40;0.00;0.00
2016;11;25;14;00;6.80;65.00;1025.70;0.00;0.00
2016;11;25;15;00;6.87;63.00;1026.20;0.00;0.00
2016;11;25;16;00;6.21;65.00;1026.30;0.00;0.00
2016;11;25;17;00;5.74;67.00;1026.90;0.00;0.00
2016;11;25;18;00;4.99;71.00;1026.70;0.00;0.00
2016;11;25;19;00;4.17;75.00;1026.00;0.00;0.00
2016;11;25;20;00;3.42;80.00;1027.00;0.00;0.00
2016;11;25;21;00;2.80;83.00;1027.10;0.00;0.00
2016;11;25;22;00;2.25;84.00;1027.00;0.00;0.00
2016;11;25;23;00;1.85;85.00;1027.20;0.00;0.00
2016;11;26;00;00;1.40;86.00;1026.90;0.00;0.00
2016;11;26;01;00;0.91;88.00;1026.80;0.00;0.00
2016;11;26;02;00;0.14;94.00;1026.50;0.00;0.00
2016;11;26;03;00;-0.55;95.00;1026.60;0.00;0.00
2016;11;26;04;00;-1.08;94.00;1026.30;0.00;0.00
2016;11;26;05;00;-1.39;94.00;1026.10;0.00;0.00
2016;11;26;06;00;-1.62;94.00;1026.50;0.00;0.00
2016;11;26;07;00;-1.81;94.00;1025.80;0.00;0.00
2016;11;26;08;00;-1.78;93.00;1025.90;0.00;0.00
2016;11;26;09;00;-1.07;92.00;1026.10;0.00;0.00
2016;11;26;10;00;0.21;88.00;1025.80;0.00;0.00
2016;11;26;11;00;2.17;82.00;1024.90;0.00;0.00
2016;11;26;12;00;4.27;72.00;1024.80;0.00;0.00
2016;11;26;13;00;6.97;61.00;1019.80;0.00;0.00
2016;11;26;14;00;7.24;59.00;1018.90;0.00;0.00
2016;11;26;15;00;7.00;60.00;1018.20;0.00;0.00
2016;11;26;16;00;5.90;65.00;1017.80;0.00;0.00
2016;11;26;17;00;5.14;68.00;1018.10;0.00;0.00
2016;11;26;18;00;4.45;71.00;1017.10;0.00;0.00
2016;11;26;19;00;3.62;75.00;1016.70;0.00;0.00
2016;11;26;20;00;3.08;78.00;1017.40;0.00;0.00
2016;11;26;21;00;2.28;84.00;1017.20;0.00;0.00
2016;11;26;22;00;1.44;89.00;1017.20;0.00;0.00
2016;11;26;23;00;1.21;91.00;1016.70;0.00;0.00
2016;11;27;00;00;1.10;92.00;1015.80;0.00;0.00
2016;11;27;01;00;1.30;89.00;1015.80;0.00;0.00
2016;11;27;02;00;1.28;82.00;1015.40;0.00;0.00
2016;11;27;03;00;2.18;69.00;1014.80;0.00;0.00
2016;11;27;04;00;2.89;75.00;1014.90;0.00;0.00
2016;11;27;05;00;2.99;85.00;1015.20;0.00;0.00
2016;11;27;06;00;3.06;88.00;1015.20;0.00;0.00
2016;11;27;07;00;2.86;89.00;1014.90;0.00;0.00
2016;11;27;08;00;2.80;89.00;1015.90;0.00;0.00
2016;11;27;09;00;2.88;90.00;1016.10;0.00;0.00
2016;11;27;10;00;3.23;89.00;1016.80;0.00;0.00
2016;11;27;11;00;3.67;87.00;1017.20;0.00;0.00
2016;11;27;12;00;4.16;84.00;1017.20;0.00;0.00
2016;11;27;13;00;4.84;80.00;1013.20;0.00;0.00
2016;11;27;14;00;5.19;78.00;1013.30;0.00;0.00
2016;11;27;15;00;5.55;70.00;1013.50;0.00;0.00
2016;11;27;16;00;4.70;72.00;1014.00;0.00;0.00
2016;11;27;17;00;3.92;75.00;1015.00;0.00;0.00
2016;11;27;18;00;3.16;76.00;1015.00;0.00;0.00
2016;11;27;19;00;2.57;75.00;1015.40;0.00;0.00
2016;11;27;20;00;1.80;76.00;1016.70;0.00;0.00
2016;11;27;21;00;1.12;79.00;1017.50;0.00;0.00
2016;11;27;22;00;0.47;80.00;1018.60;0.00;0.00
2016;11;27;23;00;-0.15;78.00;1018.70;0.00;0.00
2016;11;28;00;00;-0.62;78.00;1018.90;0.00;0.00
2016;11;28;01;00;-0.81;76.00;1020.20;0.00;0.00
2016;11;28;02;00;-1.05;76.00;1020.50;0.00;0.00
2016;11;28;03;00;-1.14;76.00;1021.40;0.00;0.00
2016;11;28;04;00;-0.65;74.00;1021.70;0.00;0.00
2016;11;28;05;00;-0.01;73.00;1022.60;0.00;0.00
2016;11;28;06;00;0.42;74.00;1024.10;0.00;0.00
2016;11;28;07;00;0.48;72.00;1023.70;0.00;0.00
2016;11;28;08;00;0.42;75.00;1025.10;0.00;0.00
2016;11;28;09;00;0.63;78.00;1026.10;0.00;0.00
2016;11;28;10;00;1.40;74.00;1026.50;0.00;0.00
2016;11;28;11;00;2.28;71.00;1027.60;0.00;0.00
2016;11;28;12;00;2.71;68.00;1028.80;0.00;0.00
2016;11;28;13;00;2.30;75.00;1024.30;0.00;0.00
2016;11;28;14;00;1.53;87.00;1025.20;0.00;0.28
2016;11;28;15;00;1.25;91.00;1027.30;0.00;0.77
2016;11;28;16;00;1.91;72.00;1028.00;0.00;0.00
2016;11;28;17;00;0.31;79.00;1029.30;0.00;0.00
2016;11;28;18;00;0.02;81.00;1030.20;0.00;0.00
2016;11;28;19;00;-0.61;84.00;1031.00;0.00;0.00
2016;11;28;20;00;-0.90;85.00;1032.10;0.00;0.00
2016;11;28;21;00;-1.18;86.00;1032.90;0.00;0.00
2016;11;28;22;00;-1.54;88.00;1033.70;0.00;0.00
2016;11;28;23;00;-2.00;90.00;1033.90;0.00;0.00
2016;11;29;00;00;-2.48;92.00;1033.70;0.00;0.00
2016;11;29;01;00;-2.71;92.00;1034.10;0.00;0.00
2016;11;29;02;00;-2.89;93.00;1034.50;0.00;0.00
2016;11;29;03;00;-3.04;93.00;1035.00;0.00;0.00
2016;11;29;04;00;-3.28;94.00;1034.60;0.00;0.00
2016;11;29;05;00;-3.28;94.00;1034.20;0.00;0.00
2016;11;29;06;00;-3.33;93.00;1035.20;0.00;0.00
2016;11;29;07;00;-3.33;91.00;1034.60;0.00;0.00
2016;11;29;08;00;-3.09;87.00;1034.70;0.00;0.00
2016;11;29;09;00;-1.49;77.00;1035.10;0.00;0.00
2016;11;29;10;00;-0.14;70.00;1034.80;0.00;0.00
2016;11;29;11;00;0.92;65.00;1034.20;0.00;0.00
2016;11;29;12;00;1.60;61.00;1034.70;0.00;0.00
2016;11;29;13;00;1.84;59.00;1034.00;0.00;0.00
2016;11;29;14;00;1.81;61.00;1034.00;0.00;0.00
2016;11;29;15;00;1.25;67.00;1034.60;0.00;0.00
2016;11;29;16;00;0.33;73.00;1035.10;0.00;0.00
2016;11;29;17;00;-0.19;82.00;1035.80;0.00;0.00
2016;11;29;18;00;-0.72;88.00;1035.90;0.00;0.00
2016;11;29;19;00;-1.15;88.00;1036.20;0.00;0.00
2016;11;29;20;00;-0.92;82.00;1036.80;0.00;0.00
2016;11;29;21;00;-0.54;81.00;1036.80;0.00;0.00
2016;11;29;22;00;-0.70;82.00;1036.70;0.00;0.00
2016;11;29;23;00;-0.74;82.00;1036.30;0.00;0.00
